ADAM
10
784
3
l0
32
784
1
n0
784
0.018987
-0.004458
-0.008594
-0.017224
-0.010342
0.004206
0.004714
-0.002793
-0.022882
-0.005858
0.005246
-0.009244
-0.000824
0.013636
0.002509
-0.019506
-0.015016
-0.010533
-0.013238
-0.024605
-0.017563
-0.018066
-0.015460
-0.023131
0.007896
-0.022523
0.023308
-0.001091
-0.024068
0.006177
-0.007216
-0.011592
-0.013157
-0.006144
0.006692
-0.012906
0.002597
0.013525
-0.009081
0.000937
-0.015907
-0.008504
0.008517
-0.008662
-0.004368
-0.010437
0.010138
-0.000473
0.012626
0.001809
0.000427
-0.013082
-0.020061
0.009036
-0.021534
-0.011017
-0.000773
0.022371
0.012698
-0.010057
-0.008996
0.018888
0.011251
0.015933
0.009439
-0.024766
0.023467
-0.009999
-0.014029
-0.013626
-0.012756
-0.016824
-0.023863
-0.023308
0.008851
0.015372
-0.014563
-0.018807
-0.025559
-0.002182
0.015214
-0.012912
0.005261
-0.007764
-0.019424
0.013871
0.004940
-0.002888
-0.019910
-0.001755
0.023387
-0.016504
0.005498
-0.006512
0.004757
-0.022043
-0.007743
-0.022871
-0.015899
0.018121
-0.019547
-0.019768
-0.012276
-0.022704
-0.029886
0.002703
0.009810
0.002650
0.015653
0.021062
0.009280
-0.020528
0.005817
-0.019790
-0.000611
-0.000772
-0.002942
0.004155
-0.019808
-0.022807
-0.014132
0.012934
-0.022410
0.004354
-0.016959
0.012460
-0.001703
-0.024997
-0.031623
-0.014510
0.009576
-0.030694
0.000984
0.018803
0.000591
-0.009429
-0.010068
-0.010512
0.007928
-0.014148
-0.017942
0.021304
0.019589
0.006186
-0.014046
0.007376
0.023750
-0.000870
0.021581
0.010588
0.000375
-0.003077
0.015770
-0.008323
-0.013648
0.005127
0.015654
-0.012705
-0.024649
-0.024854
-0.005779
0.013358
-0.017588
-0.015961
0.003330
0.012575
0.011449
-0.012747
0.016923
-0.021813
0.003054
0.003215
-0.010293
0.014027
0.020345
0.019703
0.023471
-0.007886
0.031252
0.029755
0.026056
0.003373
0.009473
0.021514
-0.012377
0.017895
0.003488
-0.010919
0.009365
0.014502
-0.019839
0.013736
0.025947
-0.003556
0.004800
-0.010299
0.005369
-0.003147
-0.006987
-0.001455
0.002303
-0.023071
0.020400
0.027131
0.007623
0.019488
0.022344
0.002675
-0.009680
-0.013750
-0.012979
0.017979
0.011418
0.013286
0.021513
-0.006189
0.013971
-0.011812
-0.003544
0.008488
0.024233
0.009341
0.016621
0.021366
-0.020036
0.020826
0.006346
0.011050
-0.000420
0.013876
0.019918
-0.015250
0.032093
0.015785
0.034813
0.018852
0.002305
0.000902
0.026496
0.007468
-0.000974
0.015826
0.022462
0.028819
0.023500
-0.004685
0.012287
-0.009472
0.006876
-0.001873
0.009274
-0.010549
-0.022942
0.003499
0.008005
-0.012699
0.024381
0.015610
-0.002061
0.009049
0.021612
0.007887
0.027258
-0.012053
0.000288
0.029277
-0.013707
0.016491
0.015744
0.029942
0.001927
0.013745
-0.000150
-0.000291
0.027654
-0.000657
0.006903
0.017680
0.026907
0.009623
-0.022926
-0.013119
-0.022602
0.009607
-0.023938
0.009260
0.005035
0.026798
0.005129
-0.007605
-0.007521
-0.002203
0.027059
0.031788
0.017780
-0.017924
0.010759
0.010174
0.022721
0.037851
0.027866
0.016964
0.002135
-0.025676
-0.000850
-0.000667
0.013524
0.016827
-0.018315
-0.000255
-0.020232
-0.007772
-0.011186
-0.014654
-0.010729
0.010790
-0.008819
0.002261
-0.001789
0.009115
0.031825
0.010480
0.030675
-0.027815
-0.014671
0.010580
0.022876
0.031725
0.007289
-0.016932
-0.024330
-0.025734
0.000740
0.013788
0.011268
0.021769
-0.009888
0.022366
0.020901
-0.014286
-0.012220
-0.017120
0.001292
0.002015
0.003921
0.025206
0.003646
0.000873
0.002422
0.025916
0.016570
-0.013639
0.021766
0.029583
0.050244
0.031137
0.011558
-0.010107
-0.017193
0.009545
-0.003058
-0.000740
-0.005998
-0.013418
-0.016667
-0.008983
-0.007809
0.002017
0.019026
-0.023442
-0.020320
-0.009261
0.011440
-0.023557
-0.007392
0.022897
0.029431
0.038673
0.027556
0.011040
0.011651
0.048858
0.014250
-0.001673
0.012910
0.015462
-0.021998
-0.030016
-0.007853
0.006811
0.004697
-0.004592
0.008788
0.012375
0.003938
0.004470
0.011206
-0.016020
0.014810
-0.002884
0.009268
0.007340
-0.012709
0.009158
0.024199
0.008649
-0.001676
-0.034523
-0.005461
0.055580
0.011041
0.002147
-0.011088
-0.023899
-0.037296
0.007269
-0.008008
-0.019685
0.016016
0.011132
-0.023746
0.024019
0.001432
0.011877
0.019371
-0.005424
-0.011427
-0.014359
-0.037836
-0.039966
-0.021481
-0.013648
-0.004547
0.004403
0.000980
-0.005892
0.022358
0.016213
0.047248
0.024553
0.026555
-0.005859
0.009869
0.003052
0.003388
0.004024
-0.023065
0.021273
0.006997
0.003148
-0.017642
0.009078
0.005384
0.001143
-0.010582
-0.016538
-0.005348
-0.039672
-0.036360
-0.025932
0.014336
-0.032276
-0.032459
-0.036879
-0.006087
0.038586
0.037863
0.018596
0.004809
-0.005220
-0.016391
-0.012929
-0.010432
0.014157
0.020402
-0.019532
-0.019019
-0.016781
-0.016826
0.024505
0.024795
-0.000861
-0.015051
-0.018039
0.006902
-0.037510
-0.005401
-0.035253
0.005261
-0.039907
-0.040618
-0.027612
0.027335
0.008082
0.030461
-0.006752
0.003463
-0.011431
-0.020762
0.008798
0.011980
-0.025601
-0.015410
0.020751
0.008198
-0.018659
0.020756
0.016430
0.000366
0.019994
0.008058
-0.024783
-0.040574
-0.035638
-0.034630
-0.037449
-0.049351
-0.050876
-0.037477
-0.024737
0.027533
0.035788
-0.002112
0.012168
0.005081
0.001368
0.007035
0.011135
0.000768
-0.021878
-0.012686
0.009826
0.023943
0.024526
0.022067
-0.003573
0.009814
-0.012944
0.018150
0.011507
0.001995
-0.011626
-0.024345
-0.004740
-0.049386
-0.003980
0.001480
0.008939
0.014647
-0.001091
-0.005834
-0.011195
0.022590
-0.026111
-0.017106
-0.012125
0.002126
0.012347
-0.017447
0.015858
-0.016397
0.016498
0.001356
0.009887
0.014187
-0.009266
0.007265
-0.023296
0.013272
-0.016328
-0.023800
-0.015533
-0.032295
-0.000460
-0.039340
-0.036741
-0.009438
0.010569
0.003313
0.005480
0.015189
0.001653
0.005664
-0.010397
-0.021236
-0.004938
0.015104
-0.000754
-0.010451
0.020924
-0.009239
-0.016662
-0.004635
0.012168
-0.010273
0.015681
-0.020948
0.023707
0.013780
-0.011194
0.005618
-0.030093
0.013457
-0.005856
-0.018335
-0.016840
-0.016812
-0.010697
0.006136
0.014067
-0.000513
-0.013458
0.023296
0.019392
-0.017761
-0.003908
0.012655
0.007310
-0.023151
0.012480
-0.016675
0.024736
0.008919
-0.005990
0.023111
-0.016689
0.002849
-0.003697
-0.002613
0.028930
0.016555
0.000887
-0.016977
0.011233
0.012465
0.024820
0.024154
-0.013822
-0.009858
-0.015374
0.004835
-0.009814
-0.020444
0.002211
-0.004952
-0.006282
-0.017467
-0.008463
0.017239
-0.013200
0.014703
-0.004059
0.025653
0.002306
0.028763
-0.002657
-0.001882
0.024011
0.035323
-0.005885
0.023848
-0.015065
-0.002553
0.000943
0.030418
-0.005405
0.025558
-0.005989
-0.017144
0.012709
-0.007231
-0.020084
0.018827
-0.006535
-0.020956
0.010816
0.002025
-0.017717
0.019494
-0.014857
-0.010542
0.007412
0.013705
0.008465
0.029851
0.024258
0.021148
-0.015109
0.006802
0.022529
-0.014651
0.023037
-0.012219
0.010212
-0.011870
-0.006908
0.005919
0.004732
0.022688
-0.017700
-0.016342
0.004172
-0.008616
0.004523
-0.010559
-0.004297
0.019244
-0.010652
0.005171
0.011672
0.029084
-0.000200
-0.007461
-0.010214
0.008951
-0.013244
0.002168
0.012655
0.012551
0.025568
0.027261
0.026324
0.011496
-0.019442
0.020857
-0.017052
0.019256
-0.004610
-0.008046
-0.012172
-0.003015
-0.010108
-0.025299
-0.008049
0.018498
-0.022161
0.017932
-0.009910
-0.010926
0.003592
0.015420
0.013497
0.024481
0.007780
0.004158
-0.018904
0.022533
0.016994
0.011183
0.018136
0.025273
0.001486
0.004997
0.006524
0.015624
0.007938
-0.013309
-0.019638
0.019798
0.012912
0.024081
-0.004190
0.000982
-0.010761
0.015347
-0.024990
0.020279
-0.014600
-0.002661
0.014269
0.014336
0.021499
-0.007400
0.007672
-0.006915
-0.010681
-0.007460
0.023361
-0.020216
0.022305
-0.023744
-0.004097
0.007394
-0.014576
-0.003246
n1
784
-0.020398
-0.001532
-0.006406
0.020286
-0.022958
-0.022491
-0.014468
-0.021740
-0.003820
-0.011438
0.003066
0.019823
0.007988
-0.006796
0.013354
0.024712
-0.023645
-0.022061
0.013394
0.000823
0.011450
-0.022783
0.024978
-0.003496
0.021858
0.002806
-0.000712
0.013883
0.022772
0.017903
-0.019600
0.021427
0.014186
0.001727
0.017977
-0.022219
0.000870
0.000527
-0.014676
0.019260
-0.012959
0.006603
-0.018529
0.019467
0.005974
-0.011131
0.023090
-0.016056
-0.015443
0.017223
0.008798
0.019759
-0.015566
0.010991
0.003215
0.024797
-0.009198
-0.008070
0.004306
0.005325
-0.018160
0.020628
0.023195
-0.019400
0.024410
0.004455
0.016329
0.004678
0.011500
-0.017308
0.020170
-0.004940
0.024720
-0.008914
0.023693
0.025175
0.027512
-0.013181
-0.007136
0.018542
0.025325
0.001395
-0.001380
-0.002995
0.003624
-0.007332
-0.000007
0.015854
-0.005955
0.002703
0.010006
0.016564
-0.009156
0.018502
0.006151
0.002326
-0.010286
-0.008140
0.021968
0.013655
0.008711
0.045691
0.027057
0.003414
0.023677
-0.003235
-0.005783
0.002330
0.003123
0.003293
0.001049
0.019768
-0.023265
0.017023
-0.009450
0.012435
-0.020993
-0.000437
0.012739
-0.017771
0.026344
0.019077
0.025193
0.015269
0.029372
0.006623
0.004724
0.025299
0.010379
0.033720
0.025328
0.029402
0.000728
0.021988
0.011707
-0.015008
-0.019993
0.016639
0.006539
0.025068
0.006352
-0.001398
-0.016306
-0.015764
-0.016289
0.023866
-0.020974
0.006691
-0.020375
-0.005477
0.021533
0.021148
0.034395
0.001308
0.034882
0.031155
0.030649
0.018409
0.004321
0.017893
-0.006566
-0.023213
0.022602
0.008778
-0.015433
0.009220
0.013907
-0.004857
-0.003964
-0.023289
0.021515
-0.010959
0.020858
0.006682
-0.002593
-0.005455
0.020890
-0.001621
0.025359
-0.010949
0.022305
0.016960
0.021613
-0.009791
0.017765
-0.013647
-0.024325
-0.026539
-0.012587
-0.005267
-0.017957
-0.010192
0.021422
-0.008394
0.019339
0.002779
0.002103
0.015401
-0.003797
0.006777
-0.002523
-0.023744
-0.017631
-0.004795
-0.013015
0.013557
0.011067
-0.015408
-0.004781
0.024537
0.000557
-0.009732
-0.003200
-0.013898
-0.001310
-0.027448
-0.002740
-0.013611
-0.012841
-0.013656
0.013009
0.014243
0.005629
0.013994
-0.018087
0.004650
0.024720
-0.008234
-0.015708
-0.016784
-0.009850
-0.020220
0.020986
-0.011690
-0.015459
0.005850
-0.016791
-0.013669
-0.005335
-0.032438
-0.021876
-0.003944
-0.004537
-0.032315
-0.033377
-0.034362
-0.019437
-0.031429
-0.014127
0.001043
-0.005524
-0.007957
0.023655
0.006531
-0.013871
-0.019223
-0.020257
-0.016358
0.021781
0.016708
0.015687
0.011961
-0.010018
0.002539
-0.039932
-0.009395
-0.012027
-0.002433
-0.005031
-0.014362
-0.042902
0.001568
-0.041178
0.000016
-0.000588
-0.012349
-0.028426
-0.017421
-0.016972
0.014635
0.021419
-0.011941
-0.006416
-0.011189
-0.005110
0.009304
-0.016467
-0.023908
-0.009179
-0.019122
0.000065
-0.028897
0.004522
-0.003515
-0.005497
0.000949
-0.009889
-0.041819
-0.030329
-0.003725
-0.015288
-0.012764
-0.009857
-0.001445
0.010750
0.024225
-0.008797
0.021913
-0.009861
0.004022
-0.009204
0.014265
0.018358
-0.004510
0.015788
0.023040
0.005085
-0.018787
-0.032064
0.002549
-0.015731
-0.003805
0.004377
0.003443
-0.028856
-0.002778
-0.041317
-0.033931
0.000865
-0.018256
0.000328
-0.016433
-0.012718
0.010734
-0.013114
-0.007140
-0.010037
-0.004050
0.009248
0.001018
-0.013111
-0.011371
-0.012936
-0.020628
0.000792
-0.034782
-0.002969
0.011565
0.009083
-0.011428
0.000804
0.019634
-0.003733
0.004157
-0.006910
-0.004273
0.011697
0.011836
-0.021273
-0.009584
-0.025090
-0.014394
-0.001392
-0.023366
-0.007737
0.001436
0.014438
0.000742
0.024812
-0.011360
-0.012371
-0.011839
-0.029034
0.007097
-0.032865
-0.001305
0.003813
-0.008213
-0.015623
-0.001444
0.009901
0.017922
-0.025664
0.013594
-0.016585
0.017784
0.002823
-0.023558
0.006254
0.003121
0.014474
-0.009208
-0.010498
-0.001963
-0.015077
0.020078
-0.010714
-0.020241
-0.022971
0.013959
-0.017073
-0.008293
-0.015176
0.003815
-0.010435
-0.012209
0.010861
0.023988
-0.004018
-0.012518
-0.005257
-0.006393
-0.003978
0.022740
-0.005266
0.008904
-0.015167
-0.020455
0.022219
-0.002738
0.005994
0.021737
0.025294
0.022546
0.015666
-0.019107
-0.015616
-0.020364
0.017192
0.003734
0.009845
0.033557
0.015479
0.024594
0.028899
-0.010176
0.027056
0.019304
-0.003752
-0.018663
-0.014258
0.008467
0.001489
0.007474
0.011817
0.012373
0.005198
-0.000460
0.007161
0.007182
-0.006394
0.015939
-0.005079
0.022740
0.023164
-0.026786
-0.021838
-0.010745
0.037276
0.004055
0.015577
0.005919
0.004975
0.028683
0.024082
0.019790
0.000927
0.004367
0.005263
0.020905
-0.011104
0.028274
-0.013882
0.018500
-0.015337
0.013655
-0.006199
0.020179
-0.021650
0.014461
-0.017607
0.017896
0.005536
-0.005995
0.000525
0.007763
0.037890
0.042614
0.043683
0.011720
0.008800
0.022275
0.023306
-0.006731
0.007206
-0.000898
0.005825
0.024217
0.006978
0.031242
0.015978
0.020165
0.000586
-0.000766
-0.009209
-0.009819
-0.000803
-0.011121
-0.006780
0.007113
0.012931
-0.006238
0.005533
0.004109
0.037181
0.035445
0.039845
0.050174
0.022897
0.022340
0.025519
0.022275
0.028709
0.027448
0.008327
0.015016
-0.000017
0.015175
-0.005534
-0.009802
-0.009800
0.000975
-0.008002
0.012918
-0.006778
0.018443
-0.018824
0.012644
-0.011444
0.011242
0.002568
0.013608
0.003384
0.041418
0.058492
0.020875
-0.006161
-0.004678
-0.009914
0.029323
0.032991
0.015223
-0.002288
0.027226
-0.009894
0.031944
-0.016045
-0.012394
0.016202
0.001697
0.012587
-0.013937
-0.012299
0.019882
-0.006912
-0.017222
-0.012820
0.013895
-0.001914
0.025420
0.023463
0.005501
0.024899
0.040891
0.030652
0.033511
-0.004012
0.012137
0.024161
0.003150
-0.001653
0.027366
-0.011885
0.002016
0.021544
0.008371
-0.016470
-0.001660
-0.016195
-0.009329
-0.004372
0.008661
0.005299
0.007988
-0.019753
0.001800
0.026716
0.021089
0.004299
-0.001915
0.014940
0.006759
0.019797
0.003076
-0.013440
0.025174
0.025696
-0.008980
-0.013897
-0.004348
-0.001793
-0.016689
0.017139
0.024470
-0.000903
-0.007454
-0.017742
-0.011192
-0.012046
0.020317
-0.007831
-0.010118
0.027240
0.020552
0.001385
-0.024717
-0.026797
-0.015070
-0.008116
-0.011221
-0.024847
-0.019502
-0.030882
0.001922
-0.028255
-0.023312
0.010530
0.019401
0.014833
-0.014880
0.009515
-0.021324
-0.016943
0.020604
-0.004514
0.019168
-0.002070
-0.001780
0.002036
0.005334
0.005283
-0.013665
0.019211
0.001959
0.008953
-0.014538
-0.040493
-0.038602
-0.041474
-0.015610
-0.010586
-0.033762
-0.026918
-0.019392
-0.026524
-0.021879
0.018167
0.017731
0.017066
0.021319
-0.018974
0.015696
-0.003345
0.012285
0.001800
-0.009877
-0.010080
-0.011119
0.008097
-0.016050
-0.015091
0.000580
0.016405
0.000402
0.013333
-0.029862
-0.008375
-0.015168
-0.031898
0.010896
0.019786
0.015172
-0.003025
0.012784
-0.024305
0.017998
-0.016061
0.010870
-0.021144
0.010511
-0.014089
-0.010731
0.020983
-0.007237
0.000850
-0.000539
-0.005534
0.018336
-0.009874
0.011157
0.008640
0.015226
0.002454
-0.018993
-0.002056
-0.017568
0.008260
0.008717
-0.005757
0.001327
0.012443
0.022570
0.003697
0.004518
0.010919
0.011891
-0.009239
0.011120
-0.019231
0.015051
0.000852
-0.001779
-0.022207
0.004680
-0.008311
0.018950
-0.020027
-0.007809
0.016268
-0.025328
0.010782
-0.000671
-0.006314
-0.001587
0.003402
-0.023104
0.015691
-0.008451
-0.001786
-0.018336
0.002211
-0.021901
0.009435
-0.009868
-0.016467
0.020615
0.006075
-0.010450
0.008221
0.013624
0.007534
0.005150
-0.008585
0.013280
0.023263
-0.000790
-0.003803
0.005422
-0.000705
0.013243
-0.017852
0.011482
0.014361
0.003679
0.000611
0.003934
-0.009967
-0.004649
0.025148
-0.016202
0.011191
-0.021333
-0.009749
-0.015237
-0.006575
n2
784
-0.003002
-0.017460
0.004494
-0.007094
-0.020463
-0.011739
0.008922
0.007216
-0.004170
-0.017399
-0.007268
0.014343
-0.024026
0.006111
-0.022131
0.013915
-0.012427
-0.002924
0.024634
-0.010774
-0.021928
0.012614
0.009719
0.015526
0.004616
-0.004976
-0.019223
0.022910
0.014885
-0.012999
-0.018395
-0.003225
0.007081
0.019978
-0.015696
0.017616
-0.014672
0.022620
-0.009715
-0.010161
0.008109
-0.000414
-0.014445
0.012375
0.021888
-0.003297
-0.010083
-0.001644
-0.013433
0.012314
0.017441
0.000921
-0.021838
-0.021462
-0.007329
-0.014955
0.016729
-0.024586
-0.001003
0.001621
0.008900
-0.003249
0.011268
0.001573
-0.000383
0.004022
0.008237
-0.013595
-0.004152
-0.001319
-0.016111
0.001528
-0.028045
-0.009880
0.008841
-0.014582
0.007709
-0.016828
-0.007588
-0.017453
-0.022308
0.008255
0.008992
-0.001972
0.020140
0.003674
0.003175
0.024031
-0.001781
0.023238
0.024230
-0.006640
0.013475
-0.004801
-0.001808
0.022314
0.003341
-0.000510
0.003210
-0.010817
0.003708
-0.019334
-0.031261
-0.010344
-0.015158
0.016219
-0.022429
0.004153
0.023326
-0.022085
-0.010690
0.000558
-0.001203
-0.003802
0.018376
0.010151
0.014248
0.005500
0.020697
0.024724
0.002145
0.001526
0.005923
0.003731
-0.002673
-0.009453
0.024429
-0.019045
0.009868
-0.002993
-0.011464
-0.012252
0.014657
0.012695
-0.001749
-0.017556
-0.021113
-0.021228
0.014583
0.020164
0.014712
0.021770
0.001091
-0.007380
0.022133
-0.015956
0.010799
0.002397
0.006006
-0.006833
0.019967
0.028616
0.020363
0.029117
-0.012778
-0.015887
0.023362
-0.014001
0.002224
0.020342
-0.014252
-0.010230
-0.000385
0.021256
0.016020
0.004624
0.014795
-0.006081
-0.013178
0.002980
-0.008444
-0.011490
-0.005147
-0.009439
-0.011096
0.001942
0.010014
0.024573
-0.004710
0.013400
-0.007255
0.023361
0.002686
-0.001592
-0.018611
-0.012457
-0.016846
-0.019607
0.001926
-0.019717
0.026134
-0.014446
0.008324
-0.023228
-0.008196
0.015117
-0.005605
-0.004908
-0.016025
-0.010951
-0.002048
-0.022922
0.026339
0.008275
-0.001569
0.009309
-0.005783
0.025718
0.019977
0.010700
-0.001370
-0.005592
-0.009182
-0.003991
0.040255
0.033665
-0.007851
0.009843
-0.006983
-0.005332
-0.015852
0.014240
0.012440
0.018960
-0.011582
-0.008430
-0.007592
-0.020846
0.018625
-0.009356
0.015796
0.028787
0.028919
0.004286
-0.011101
-0.010321
0.008759
0.003013
0.005252
0.023528
0.019344
0.008838
0.047490
0.030228
0.012447
0.000589
0.015820
-0.010824
0.000905
-0.001898
-0.019609
0.013068
-0.005258
0.004666
0.005484
0.023910
0.010727
0.010336
0.024404
-0.007372
-0.009084
0.021793
0.016958
0.009170
-0.000045
0.032341
0.035722
0.025194
0.041652
0.015670
0.037451
0.045162
0.005031
0.011649
0.003090
-0.014291
-0.010594
-0.004610
0.005716
-0.023588
-0.010782
-0.020481
-0.020077
-0.013154
-0.020738
-0.003975
-0.001525
0.004373
-0.008054
0.003425
0.014814
-0.010238
-0.004402
0.036064
0.003341
0.005497
0.026588
0.012240
0.033172
0.023464
0.004270
-0.009691
0.031370
-0.012250
0.001422
0.005871
0.008215
-0.010404
-0.021271
0.002465
-0.000592
0.002941
-0.013760
-0.018371
0.018183
0.010799
-0.000763
0.008767
-0.013691
0.018717
0.013501
0.032496
0.003032
-0.016685
0.011585
-0.012498
-0.013196
0.002367
0.008551
0.003047
0.016522
0.016997
0.014001
-0.002896
0.013973
-0.016266
0.015034
-0.005179
0.011314
-0.003054
-0.018043
-0.005878
-0.014776
0.021337
-0.017668
-0.004317
-0.004503
0.019486
-0.002427
0.032831
0.002509
-0.021912
0.008614
-0.001059
-0.015255
-0.025358
-0.023051
0.015698
-0.005298
0.031815
0.001804
0.011855
-0.012781
-0.011865
-0.006952
0.022929
0.023608
0.016988
-0.022852
0.009823
0.014705
0.014643
-0.019215
0.006347
0.006145
-0.016653
-0.005248
-0.002646
-0.020544
-0.025466
-0.000759
0.002791
-0.001564
-0.032679
0.012455
0.005167
0.018016
0.020062
0.024441
0.019159
-0.015607
-0.020194
0.022034
-0.009601
-0.007883
-0.014693
0.002400
0.012054
0.004927
0.009610
0.005445
-0.006650
-0.017602
0.018452
-0.009841
-0.010449
-0.042572
-0.010597
-0.035688
-0.014074
0.011176
0.012824
-0.011712
0.001228
-0.005477
0.022052
-0.011914
0.014426
-0.020829
0.021401
-0.023286
-0.002054
-0.012189
-0.022713
0.004034
-0.008359
-0.018311
-0.002124
-0.003816
-0.005144
-0.030361
0.011937
-0.015517
-0.022802
-0.042484
-0.059662
-0.046950
-0.022329
-0.016357
0.008020
-0.003099
-0.014180
0.002641
-0.011247
0.016515
0.013907
-0.004856
0.024803
0.000259
-0.011110
-0.017207
0.013288
-0.006385
-0.023269
0.025400
0.017254
-0.014848
0.008884
-0.035735
-0.025211
0.000341
-0.034311
-0.028653
-0.052543
-0.023641
-0.016165
0.016991
0.013379
0.034020
0.024488
-0.000760
-0.011834
0.010665
0.021887
0.023688
-0.013287
0.021094
-0.005879
-0.001827
0.013683
0.011557
0.009565
0.009034
0.008249
-0.020077
0.005722
-0.032697
-0.039912
-0.008672
-0.051257
-0.019392
-0.041877
0.000959
0.023299
-0.014645
-0.012607
0.026214
-0.018105
0.016993
-0.006503
-0.011969
-0.007323
0.022832
-0.023513
-0.007949
0.023748
0.001535
0.005994
0.015561
0.018264
-0.002406
0.005597
-0.000692
-0.002675
0.000571
-0.039660
-0.043012
-0.019231
-0.039935
-0.023234
0.004613
-0.005297
0.020892
-0.009587
-0.017626
0.014297
0.010726
0.016852
-0.021426
-0.014796
0.002180
-0.001403
0.017867
0.011523
-0.017272
0.016670
-0.015395
-0.006456
0.017102
-0.013413
0.002251
0.024594
-0.029604
-0.024769
-0.040335
-0.024983
-0.004063
-0.028927
-0.013075
-0.001042
0.012307
0.018552
0.024085
-0.022113
-0.003412
0.008373
0.008081
0.001677
-0.006592
-0.010788
0.004277
0.017051
-0.011224
-0.021012
-0.006999
0.008231
0.000500
-0.003388
0.000625
0.021330
0.006651
-0.026353
-0.018593
-0.023861
-0.011277
0.001796
-0.024564
0.008647
0.002009
0.014689
0.016295
0.011828
0.003899
-0.028157
-0.012415
0.019933
-0.004541
-0.003406
-0.001019
-0.009916
0.008019
-0.018306
0.017145
0.008748
0.007729
0.002338
0.025773
0.032806
0.003659
0.016754
-0.003968
0.004482
0.016163
-0.000117
0.017325
0.031654
0.010560
-0.018199
0.001038
-0.010822
0.019809
-0.009642
-0.009520
-0.000057
-0.019996
-0.023908
-0.018356
0.007123
-0.018352
0.017954
-0.001967
-0.001043
0.026552
0.008020
0.023613
0.002356
0.006156
0.032461
0.012674
0.021222
0.008168
0.030555
0.001795
0.002741
0.024293
-0.014589
0.024446
0.000063
-0.010662
0.015645
-0.013773
-0.003110
-0.023243
-0.005360
-0.019343
0.014156
-0.024932
-0.015237
0.018707
0.021963
0.009944
0.017138
0.009010
-0.002944
-0.007199
0.001596
0.038158
0.036239
0.030487
0.036332
0.023393
-0.005259
0.019273
-0.010009
-0.018361
-0.018924
0.002730
0.001317
-0.018935
0.018356
-0.020245
0.014251
0.014909
-0.019081
0.017865
-0.025027
-0.022697
0.017557
-0.017011
-0.021280
-0.005845
0.012162
-0.004078
0.000065
-0.013215
0.024189
-0.015974
0.010063
0.003118
0.022520
0.005414
-0.000167
0.001694
-0.001836
-0.001458
-0.009248
-0.006216
0.019691
-0.022710
-0.019680
-0.003277
-0.011757
0.014235
0.001726
0.013077
-0.016644
0.004545
0.023262
0.003939
0.001009
0.019796
-0.013330
0.003308
0.017794
0.009870
-0.003561
-0.015110
0.010663
0.005834
0.005373
0.016778
-0.022926
-0.010382
0.001390
0.018332
0.018610
-0.024940
-0.005180
-0.006147
-0.006101
0.018921
0.018044
-0.015937
0.003595
0.021321
0.004397
-0.004340
0.016959
-0.014032
0.016441
-0.004498
0.015326
0.011068
-0.013479
-0.015089
-0.017971
0.024313
0.002408
0.023043
0.012473
0.017099
-0.007248
0.012181
-0.006507
0.004468
0.006873
0.018708
-0.015517
0.023594
0.009650
-0.003953
0.019433
0.015158
-0.014070
0.003563
0.020692
0.001873
0.001121
0.010158
0.020756
0.002313
0.008812
-0.013259
-0.007063
0.004977
0.023396
-0.003900
-0.016844
-0.003274
-0.019205
-0.002526
0.014854
0.015587
-0.020993
-0.019924
n3
784
-0.022320
-0.021722
-0.017750
-0.021608
-0.014916
0.012091
-0.023985
-0.003886
-0.012870
-0.005111
-0.001229
0.004195
0.015113
0.012882
0.016241
0.012752
-0.023549
0.019742
0.015260
-0.013097
-0.013167
0.005770
0.024929
-0.014154
0.020008
-0.024809
-0.011491
0.020156
0.017690
0.019819
-0.002661
-0.010871
-0.000630
0.014726
-0.000244
0.000642
-0.002074
0.002444
-0.016980
0.017312
-0.024436
0.018598
-0.015339
-0.020294
-0.016978
0.010843
-0.012606
-0.018721
-0.002233
-0.016368
0.023171
-0.004780
0.011007
0.002149
0.017821
-0.024434
-0.010678
-0.008208
-0.003105
-0.021088
-0.022278
-0.015834
-0.010936
0.008772
-0.014249
-0.009657
-0.005482
-0.013767
-0.023937
0.005819
-0.003968
-0.001378
0.007867
-0.003613
-0.000160
0.018443
0.016757
0.004264
0.009706
0.001589
-0.002073
-0.021860
-0.013763
-0.004671
0.008438
0.023269
-0.009104
0.002372
0.014524
0.017539
-0.022638
0.020984
0.020956
0.005398
0.010315
-0.014892
0.001807
0.011040
-0.022293
-0.018854
-0.001346
-0.020232
0.016287
0.000240
-0.000198
-0.012492
0.023256
0.006935
-0.011955
-0.001427
0.015219
-0.004134
0.019714
-0.009539
-0.020052
-0.006787
-0.011249
0.021432
0.015716
-0.018862
-0.022274
0.002921
-0.013985
-0.014468
0.024033
0.019344
0.020045
0.015045
-0.018178
0.018463
-0.020441
0.005361
0.006945
0.006039
0.016048
-0.015387
0.002948
0.024026
-0.023952
-0.018687
-0.012007
0.000071
-0.003051
-0.017432
-0.018055
-0.020683
-0.017165
-0.009884
-0.016736
0.008651
-0.009280
0.029622
0.026954
-0.017720
-0.001355
-0.007425
0.008961
-0.010431
-0.002105
0.018798
0.018333
-0.009769
0.015872
0.004519
0.018980
0.017008
0.021812
0.005433
0.012230
0.020049
0.018736
0.006883
0.019176
-0.012691
-0.011422
-0.003597
0.022643
0.020264
-0.009157
0.020616
0.020119
0.013271
-0.007105
-0.011011
-0.002268
0.002330
-0.023846
0.014565
-0.023471
0.004326
0.003663
-0.020334
-0.021979
0.022329
-0.018471
0.007319
0.002090
0.020736
0.009177
0.024053
0.021649
0.012567
0.009114
-0.010366
-0.014627
0.003642
0.007764
-0.004323
0.028482
0.022733
0.011096
0.009931
0.022501
-0.012892
0.005019
0.014733
0.006621
0.008610
-0.001619
-0.000900
0.001096
-0.017474
-0.008346
-0.008363
0.006708
-0.016717
-0.004152
-0.005441
-0.014686
0.008317
0.016789
-0.001072
-0.002572
0.005958
-0.003531
0.019291
0.021629
0.008053
0.007689
-0.006805
-0.004854
-0.011997
-0.013726
-0.015617
-0.005903
0.015381
-0.018623
-0.017390
-0.023575
-0.020547
0.008927
0.013996
-0.002863
-0.012751
0.020494
-0.000308
-0.014086
-0.006307
0.002802
-0.004987
0.015444
0.016597
0.021899
-0.008109
0.005451
0.009703
0.008618
0.005908
-0.016183
-0.009611
0.021386
0.023105
0.023035
0.011149
-0.005393
-0.023334
-0.008762
0.015332
-0.018185
-0.019105
0.012497
-0.020840
0.003840
0.014320
-0.010688
-0.007264
-0.008633
-0.004044
-0.015043
-0.003804
0.029418
0.028141
0.008673
0.005619
-0.012321
0.002689
-0.009991
0.028560
0.001138
-0.000421
0.008659
0.023617
0.009632
0.017122
0.021645
-0.015458
-0.004278
-0.023370
-0.021079
-0.024616
-0.022566
0.008303
-0.019609
-0.013775
-0.022169
-0.004845
-0.017619
0.016298
-0.000933
-0.011105
0.008512
0.011065
0.020913
0.003697
-0.008913
-0.001394
0.012400
0.033421
0.031782
0.023582
0.024035
-0.002743
-0.020718
0.015439
0.017515
0.006282
-0.010479
-0.013210
-0.014228
-0.012789
-0.024031
0.011570
-0.023675
-0.022085
-0.020830
-0.013053
0.018323
-0.022721
-0.017956
0.021950
-0.005053
-0.012068
-0.032335
0.007124
0.029197
0.032285
0.014450
0.000550
-0.010741
-0.012178
-0.017919
-0.004936
-0.000802
-0.013800
0.009539
-0.014813
-0.012711
-0.018726
0.007067
0.003019
0.010706
-0.009210
0.022290
-0.010218
-0.007765
0.002940
-0.013764
-0.007605
-0.013162
-0.028037
0.014175
0.014221
0.004990
0.000996
0.008878
0.014503
0.017213
-0.019934
-0.003923
-0.009067
-0.012491
-0.024751
0.022004
-0.019197
0.019392
-0.009404
-0.004002
0.003202
-0.019836
0.006628
-0.011580
-0.028846
-0.016791
0.022904
0.007393
0.000813
-0.019354
-0.022298
-0.020276
0.032503
0.026561
0.006652
-0.004647
-0.020556
0.015709
-0.018692
-0.013968
0.007182
0.019296
0.003518
0.006600
-0.014157
0.014779
0.013068
-0.018205
-0.023587
-0.021139
0.023978
0.001720
-0.011829
0.003334
-0.010365
-0.017689
-0.022339
-0.043225
-0.041701
0.003623
0.039323
0.039856
0.001143
0.024379
0.025904
-0.014509
0.006697
-0.019914
-0.009272
-0.001877
-0.002691
-0.023063
-0.010897
0.003546
0.000130
-0.016102
-0.005425
0.007935
-0.015961
0.017098
-0.019144
0.000984
0.001862
-0.006786
0.008691
-0.034063
-0.027678
-0.012645
0.023021
0.023758
0.019648
0.004063
0.022018
-0.006187
-0.008613
-0.003759
0.014983
-0.007512
-0.013399
-0.023329
0.010272
-0.005241
0.017742
0.004890
-0.006184
0.020661
0.004712
0.019846
-0.010518
-0.014171
0.028932
-0.003522
0.011404
-0.011451
0.003418
0.030134
0.009504
-0.005289
0.006395
0.002638
-0.013394
0.002509
-0.013115
0.009727
0.015841
-0.007319
-0.015968
-0.005149
-0.022070
0.018037
0.010672
-0.020861
0.014704
-0.004927
-0.013474
0.025299
-0.017751
0.025719
-0.001362
-0.026596
-0.016954
0.019049
0.009293
0.017516
0.000078
0.020611
0.026259
0.011091
0.005398
-0.020044
-0.001171
0.000498
-0.004730
-0.004314
-0.016750
-0.013480
-0.015523
0.005244
-0.010161
0.015062
0.009102
0.008863
0.013962
-0.008768
0.009603
0.012827
0.008144
0.009918
0.020498
0.015145
0.008229
-0.005500
0.022781
-0.009694
0.002585
0.005290
0.018912
-0.000531
-0.018161
0.005821
-0.003645
0.000614
0.004141
-0.007850
-0.021901
0.023496
-0.002295
-0.001380
0.000215
-0.021052
0.004655
-0.001837
0.018905
0.013248
-0.010578
0.023794
-0.002081
0.019804
-0.023656
-0.013400
0.011596
0.008288
0.014394
0.026661
0.012351
-0.014061
0.025353
-0.011039
-0.016257
-0.010643
-0.001375
0.014419
-0.010906
0.015790
-0.005580
-0.015346
-0.012721
-0.016732
-0.014118
0.013703
-0.022212
-0.002863
-0.004141
-0.002471
-0.014816
-0.012274
0.012483
-0.024118
0.013747
0.009941
0.015348
-0.017117
0.005413
-0.011223
-0.002153
0.004214
-0.015760
-0.021615
-0.024024
0.011244
-0.011647
0.002879
-0.003442
-0.011769
0.002669
0.019017
0.011029
0.009261
-0.011890
0.026397
0.004287
0.003180
-0.018272
0.006292
-0.004443
-0.003483
-0.011987
0.014275
0.025272
0.013770
0.008553
0.012526
0.013899
-0.009416
-0.005861
0.017656
0.024779
0.010302
0.009767
0.006646
0.008406
-0.002073
-0.006298
-0.010139
0.000964
-0.014741
-0.013695
-0.008064
-0.006405
0.001155
0.010734
-0.003494
0.015436
-0.013973
-0.020146
0.022597
0.009238
-0.014532
-0.017103
0.015841
-0.002914
-0.004424
-0.022199
0.010458
0.020879
-0.007892
0.022915
-0.003233
0.012815
-0.004379
0.004729
0.001025
0.003427
0.021332
0.001827
-0.010761
0.002475
0.011617
0.022189
-0.003230
0.001227
0.020662
0.022644
0.007182
0.024836
-0.002437
-0.011854
0.001132
-0.023579
0.001373
0.001745
0.008028
-0.018790
0.007594
-0.007581
-0.006380
-0.023625
-0.005110
-0.018392
-0.011783
0.018866
0.017456
0.013524
0.007641
-0.003165
-0.016606
-0.010862
0.012118
0.028615
-0.008754
-0.015096
0.026144
0.005944
0.000687
-0.021458
0.016439
-0.007514
-0.010264
0.005375
0.022351
0.003631
-0.021570
-0.018597
-0.001404
0.013634
0.005971
0.004327
-0.012756
-0.000479
-0.018260
-0.006149
0.008667
-0.015787
-0.010788
0.017490
0.014496
-0.000054
0.022732
0.014519
-0.009713
0.002491
0.018472
0.001372
0.011279
0.005063
0.009403
-0.016616
-0.016139
0.014939
-0.011647
0.012257
0.011694
-0.007841
-0.020295
0.006662
-0.021208
-0.018745
-0.011695
-0.007984
-0.001346
-0.017716
0.019841
0.010773
0.024458
0.009582
0.001510
0.018013
-0.002371
-0.010569
0.000507
0.013675
-0.011972
-0.018756
-0.010384
-0.012952
0.017204
0.007233
0.018163
n4
784
0.002443
0.009602
-0.010618
-0.003224
0.023155
-0.024237
-0.003809
-0.006084
0.001065
0.011397
0.007849
-0.025013
0.011870
0.010413
0.017888
-0.009038
0.004659
0.004066
-0.009102
-0.017622
-0.010712
-0.024228
-0.003019
0.019326
0.023248
-0.022376
-0.019064
-0.010266
0.015787
-0.020973
0.003809
-0.024481
0.000836
-0.002635
0.017125
-0.020225
-0.020735
0.006427
0.015049
-0.010486
0.004273
0.020431
-0.008259
0.021003
0.019945
0.005992
0.016766
0.009686
-0.020719
-0.011238
-0.014788
-0.001123
-0.010326
-0.000163
0.020633
-0.016451
0.020311
-0.023659
-0.024519
0.006098
-0.011930
-0.000438
-0.009823
0.007693
0.004861
0.020199
-0.021469
-0.019231
-0.017028
0.014188
-0.002870
-0.020304
0.000473
-0.009767
0.006572
0.013258
0.013553
-0.021016
0.022993
0.011873
-0.023567
0.007006
-0.010973
0.022638
-0.021742
-0.010613
-0.018800
-0.022147
-0.021847
-0.021903
-0.019274
-0.025294
-0.016073
0.005550
-0.020031
-0.008246
0.017536
-0.010023
0.006713
-0.012099
0.003452
0.003232
0.015062
-0.009673
0.007345
-0.017846
0.013475
-0.024768
-0.002247
-0.004385
-0.015710
0.022857
0.008901
0.010351
-0.018619
-0.021163
0.023700
-0.014391
0.023407
-0.018792
0.008292
-0.006356
-0.006241
-0.008744
-0.011714
0.013620
-0.016087
-0.017544
-0.021453
0.006345
0.027555
0.000294
0.019570
0.020306
-0.011561
-0.016032
0.017590
-0.013147
0.018170
0.004143
-0.014363
-0.003023
-0.006566
0.001316
0.022802
0.000712
-0.004503
0.017497
-0.013302
0.002605
-0.012363
-0.020883
-0.029633
-0.023507
-0.002794
-0.025385
-0.016402
0.007611
0.000095
0.001977
-0.012521
0.020987
0.008883
-0.015081
-0.000424
0.023176
-0.021433
0.000716
0.005076
-0.017044
0.003076
-0.005501
0.018915
-0.013421
-0.023353
0.005294
-0.011032
-0.013940
0.005156
-0.031001
0.000780
-0.008941
0.011499
0.004900
-0.026579
-0.024164
-0.008213
-0.012179
-0.007039
-0.018221
0.001380
0.013301
-0.015731
-0.016902
0.007792
-0.011683
-0.015257
0.001619
0.002524
0.003789
0.016601
-0.002606
0.002206
0.018443
0.004996
0.017129
0.007419
-0.015614
-0.026596
-0.010775
-0.001414
-0.017804
-0.010995
-0.009062
-0.037231
-0.035937
-0.037599
0.007213
-0.009689
-0.027122
-0.020906
-0.027227
-0.019058
-0.019502
0.008504
0.010341
-0.017616
0.015769
-0.022599
0.015383
-0.019553
0.024105
0.019491
-0.020967
-0.015520
0.011747
0.008662
-0.012138
-0.018688
-0.026856
0.013616
-0.002363
-0.011901
-0.024749
0.002207
-0.019933
0.000216
-0.020379
-0.036506
-0.008575
-0.019541
0.001415
-0.018254
-0.008952
-0.018240
-0.013920
0.024358
0.012112
-0.010110
-0.015582
0.005393
-0.009114
0.019009
-0.004520
0.014046
-0.007659
-0.004691
0.007596
0.001005
0.008672
-0.030101
-0.020000
-0.026090
-0.015485
-0.025815
-0.034494
0.009231
-0.024488
0.013805
0.010630
0.023516
0.012242
0.001696
0.000433
-0.023785
0.006232
-0.005348
-0.003728
0.008984
-0.017866
-0.024165
-0.003285
-0.016390
-0.018140
-0.021906
-0.013590
0.017680
-0.019763
-0.010636
-0.004345
0.011240
0.019575
-0.011916
0.016468
0.002583
-0.016512
-0.007391
0.023818
-0.004148
-0.018035
-0.012130
-0.018332
0.002828
-0.019719
-0.014726
-0.002042
-0.000187
0.012225
0.009305
0.014782
0.007386
-0.020396
-0.020569
0.001427
-0.013061
0.017637
0.028901
0.016499
-0.010356
-0.009969
0.017859
-0.015597
0.017907
0.023310
0.010482
-0.015936
0.009803
0.013567
0.022941
0.022729
-0.004692
-0.002762
-0.013626
0.012279
0.011318
0.022306
0.006280
-0.023733
-0.010688
-0.003141
-0.028158
-0.009205
0.018830
-0.007513
0.018609
0.008452
0.001244
0.008009
-0.007110
-0.007402
-0.012541
0.015201
0.001733
0.016710
0.007418
-0.018672
-0.012977
-0.006275
0.017414
0.006867
0.020563
-0.016989
-0.022984
0.021429
0.019675
-0.008208
-0.021155
-0.020625
0.021407
0.026854
0.001111
0.034368
0.015835
0.015023
0.005736
0.026729
-0.019323
0.007746
-0.016666
-0.017942
0.002563
-0.011383
-0.024391
0.010774
-0.019707
-0.000145
0.017092
0.001220
0.013933
0.014028
-0.011002
-0.009300
-0.004169
-0.013024
0.006340
-0.021482
-0.002392
0.016500
0.026817
0.033637
0.022158
0.032072
0.009529
0.001022
-0.009864
-0.003737
0.018550
0.007763
-0.014781
-0.024940
-0.020074
-0.022412
0.020476
0.023992
0.020947
0.007190
-0.021973
0.011461
-0.020582
-0.005919
-0.010945
-0.004653
0.027017
0.021751
0.038180
0.005567
0.024611
0.005332
0.005645
0.015881
0.007882
0.005247
-0.010290
0.018797
0.016576
0.003337
0.006615
-0.020148
-0.004574
-0.017749
-0.003601
-0.013908
-0.023912
-0.006895
0.002955
-0.022141
-0.011875
-0.008300
0.021408
0.021987
0.013876
-0.002575
0.050410
0.050324
0.045092
0.003217
0.024095
0.015805
0.017691
-0.016606
-0.020791
-0.025810
-0.024100
0.019515
0.002676
-0.019485
-0.015286
-0.004490
-0.004714
0.024394
-0.022457
0.014575
-0.028638
-0.018984
-0.015771
0.026715
0.019091
0.014196
0.041723
0.032307
0.043364
0.024132
0.031817
0.014685
-0.021248
-0.002624
0.017345
-0.000645
0.016560
-0.021105
0.001225
-0.019591
0.017520
0.012487
0.003067
0.012823
-0.023409
0.019700
-0.016499
0.017896
0.012816
-0.013835
0.001236
0.005706
0.024388
0.036152
0.037154
0.043045
0.042732
0.023192
0.008062
0.013786
-0.007580
0.005319
0.003103
-0.018966
-0.026646
0.003532
-0.003224
-0.006886
0.016452
-0.016643
0.018215
-0.013166
-0.021034
-0.021271
-0.022416
-0.004796
-0.024366
-0.022419
-0.016563
-0.005027
0.015902
0.005041
0.029358
0.017520
0.025510
0.026393
-0.002019
-0.027117
0.006566
0.008863
0.016659
-0.001509
-0.015781
-0.010773
-0.002697
-0.001542
0.009836
-0.022066
0.014353
0.011526
-0.023434
0.002156
0.004631
-0.025322
0.012750
0.010697
-0.021001
-0.040112
-0.022718
-0.022300
-0.004788
0.008861
0.000985
-0.011135
-0.000852
-0.015847
0.001018
-0.015948
0.018430
0.021493
0.026357
-0.010039
-0.003432
-0.016911
0.020813
0.023169
0.004558
0.018468
-0.011570
0.002653
0.010452
-0.021241
-0.028989
0.010218
-0.022170
0.000783
-0.020857
0.002362
-0.001599
-0.008295
0.011485
0.011532
0.012916
-0.006501
-0.028539
0.018254
-0.019844
-0.024653
0.005586
-0.014178
-0.008930
0.010902
0.001366
0.001592
0.013801
0.006445
0.018286
-0.006553
-0.002377
0.020233
-0.002137
0.008675
-0.021634
-0.023593
-0.043182
-0.020227
-0.042453
-0.009940
-0.026226
-0.003886
-0.021044
-0.030956
0.017999
-0.001023
0.014221
0.012177
-0.002381
-0.008579
0.011519
0.023317
-0.008201
0.002991
-0.014862
0.020006
0.002243
-0.004286
0.013713
-0.005354
-0.019366
0.015384
-0.007822
-0.003939
-0.028967
-0.017669
-0.023352
-0.051963
-0.043103
-0.002000
-0.008153
-0.009824
-0.016533
-0.024848
0.011896
0.004542
-0.020729
-0.021535
-0.009982
0.008121
-0.018025
-0.008459
0.003244
0.018552
0.012871
-0.022593
-0.015587
-0.014000
-0.013533
0.001194
0.011384
-0.002073
-0.004729
-0.024671
0.007882
0.015455
0.003808
0.020556
0.019496
-0.002655
0.023702
-0.015107
0.015251
0.021485
0.018559
0.011061
0.012889
-0.015672
0.009938
-0.018224
0.011333
0.023353
0.006030
-0.002043
0.013891
0.004846
-0.012275
0.008213
-0.005620
0.012911
0.002474
0.016975
-0.015731
-0.014010
-0.017499
0.027285
0.015778
-0.017614
0.008814
0.021396
-0.011987
0.003352
0.009149
-0.018395
0.024183
-0.013481
-0.001124
0.004933
0.015476
0.012970
-0.005507
-0.002555
0.007183
0.024507
-0.010015
0.008203
0.020101
-0.010707
0.025615
0.024120
0.011110
-0.004910
-0.001033
-0.012473
-0.003065
0.000456
-0.008375
-0.004660
-0.003631
0.005657
0.017877
-0.021541
0.021734
0.017678
0.018031
0.004278
0.008974
-0.017818
-0.007440
0.016044
-0.001945
0.014846
0.018423
0.005105
0.017296
-0.003092
-0.018843
0.012463
0.019737
0.001516
-0.006327
0.020269
-0.009041
0.016307
-0.007646
0.023285
-0.013054
0.006602
0.017849
0.015742
0.007666
-0.007252
0.013610
0.005386
-0.016942
n5
784
0.019294
0.005860
-0.009371
-0.003229
-0.022736
0.022968
0.011504
-0.004134
0.014636
-0.024456
0.015704
-0.021800
0.005832
0.008512
0.001984
-0.007332
0.018068
0.020614
-0.001294
-0.011347
-0.011142
-0.013735
0.003567
-0.004920
0.002955
0.015571
-0.006384
-0.006862
0.014699
-0.010750
0.017681
0.002136
-0.005856
-0.021311
0.012824
0.019944
-0.007725
0.016985
0.011006
-0.024313
0.002213
0.020868
0.004409
-0.021171
0.021468
-0.024925
-0.022503
-0.016441
-0.002942
-0.018608
-0.008313
0.014052
0.005974
0.001587
0.010118
-0.001260
0.012894
0.008373
0.013329
0.006237
0.012484
0.007750
0.001379
0.012941
-0.013387
0.012685
-0.016214
-0.002813
-0.009977
-0.010744
-0.003572
-0.008546
-0.006192
-0.023070
0.020002
-0.000024
0.007196
0.001832
0.018736
-0.000643
-0.006281
0.006232
-0.021490
0.012036
-0.011940
0.024079
-0.012462
-0.006439
0.022568
0.000753
-0.006671
0.009053
-0.014372
0.017109
-0.002019
0.010235
-0.010585
-0.021937
-0.024753
-0.027733
0.020823
-0.013994
-0.007438
-0.004054
-0.012769
-0.019766
0.005270
0.020122
0.021800
-0.025094
-0.016166
-0.013625
-0.004900
-0.017254
0.014080
-0.019295
-0.001141
0.000652
-0.009713
0.005382
0.010299
-0.006169
-0.010633
-0.002617
0.022523
-0.016986
-0.024843
-0.007363
0.012532
-0.009132
0.003907
-0.009487
0.005187
-0.016360
0.013858
-0.007597
-0.013915
0.008511
-0.006629
-0.000375
-0.004458
0.024073
-0.013609
0.018918
-0.007097
-0.024216
-0.009953
0.014726
-0.009087
0.024611
0.027616
-0.012680
0.022625
0.021162
0.000628
0.011359
-0.017185
0.011837
-0.002915
-0.008238
-0.025921
0.018141
-0.020210
0.025716
-0.021523
0.004471
0.000168
-0.011913
0.004660
-0.017834
0.000792
-0.001405
-0.000920
0.018461
-0.010910
-0.015319
0.002557
-0.001935
0.018097
0.015525
0.003735
-0.000367
-0.018409
0.008696
0.009193
-0.018474
-0.029533
-0.001295
-0.005361
0.007842
-0.000051
-0.021650
0.024843
0.026340
-0.017448
-0.005128
0.008917
0.009999
0.008778
-0.006356
0.023881
0.002237
-0.008602
-0.010544
0.014556
-0.005924
0.014599
0.003960
0.007817
0.003071
-0.007091
-0.005030
-0.023277
-0.024153
-0.007477
0.009630
0.000060
-0.007045
-0.002812
-0.003333
-0.019171
-0.003127
0.014185
-0.015412
-0.017121
-0.010846
0.005141
0.023933
-0.005800
0.003099
-0.003509
0.011721
0.029100
-0.009287
-0.000414
-0.007653
-0.004780
0.019871
0.019026
0.003513
-0.006294
-0.008439
-0.001868
0.018981
0.016511
-0.015307
0.000313
-0.003829
0.001280
-0.006311
-0.016492
0.012708
0.019811
-0.011980
0.000257
-0.013768
0.015639
0.009633
-0.019473
0.020897
0.009756
0.022054
0.018760
0.023595
0.002791
0.001438
0.000396
-0.013063
-0.020329
0.007162
-0.019265
-0.014973
0.020614
-0.012879
-0.010089
-0.022104
0.017371
-0.008957
-0.014478
-0.009749
0.021094
-0.003865
-0.020035
0.013932
-0.004287
0.015211
0.009190
0.022556
0.020854
0.026634
0.009512
0.012504
-0.008591
0.021114
0.012873
-0.032673
0.009255
0.016918
-0.002899
0.022497
0.013418
-0.011872
-0.023392
0.005798
0.008772
0.014167
0.015855
0.019515
-0.018910
-0.020502
0.023333
0.012533
0.005491
0.022871
-0.006873
-0.009336
-0.004967
-0.012751
0.001111
-0.004124
-0.005026
0.024912
0.005710
-0.014960
0.007521
-0.002729
0.016267
0.008226
0.025984
0.016337
-0.002385
-0.003858
-0.011440
-0.008648
-0.013573
-0.001824
0.012582
0.011359
-0.000072
-0.006035
0.005958
-0.000665
0.023110
0.006779
-0.000771
0.012069
0.031140
0.031614
0.026950
-0.004938
0.005314
-0.015265
0.019648
0.027153
0.017864
0.033645
-0.015626
-0.015662
-0.019244
-0.007723
-0.019518
0.016181
-0.017369
0.011016
0.017572
0.023664
0.010404
-0.015771
0.020663
0.021809
0.025451
0.000151
0.006446
0.017257
-0.009700
0.001286
0.020320
0.004542
0.002924
-0.003134
-0.011299
0.033012
0.054309
0.021504
0.022883
-0.006209
-0.003269
0.005196
0.003079
-0.021150
0.000681
-0.021468
0.022342
0.001295
0.014370
-0.024545
0.002791
0.000554
0.016791
0.023965
0.022038
-0.009237
-0.013693
0.024173
-0.009038
0.033446
0.014699
-0.008563
0.032969
0.045380
0.013035
0.049336
0.022036
0.002693
-0.026741
0.002985
-0.007810
-0.010833
-0.014413
0.004669
0.010257
-0.016677
0.003643
-0.015106
0.017851
-0.020382
0.001933
-0.020773
-0.025103
0.006866
0.012048
0.020934
-0.010954
0.004886
-0.007541
-0.017379
-0.008187
0.042922
0.026008
0.025217
0.024008
0.004117
0.011386
-0.030324
-0.030572
-0.024659
0.019730
0.016159
0.008601
0.013787
0.008930
-0.011999
0.002691
0.011120
-0.003669
-0.013935
0.003922
0.001325
-0.016463
-0.005076
0.016572
-0.007071
-0.016515
-0.020916
0.007965
0.012148
0.039293
0.005391
0.016742
-0.015838
-0.010671
-0.008605
-0.002437
-0.009617
-0.016004
-0.024091
-0.001150
0.010827
0.012175
0.022976
-0.022434
0.023419
0.008869
-0.015528
-0.022412
-0.026755
0.010859
-0.030496
-0.009478
0.012880
-0.002316
0.007629
0.037013
0.020993
0.027385
0.010316
-0.000275
-0.018524
0.009567
-0.028278
-0.011659
-0.013313
0.011857
-0.003039
0.013026
0.001111
0.021424
0.011755
-0.017761
0.004611
0.001183
-0.031418
-0.015568
-0.024134
-0.021674
-0.026061
0.002819
-0.034216
-0.006503
-0.018735
0.023459
-0.002467
-0.010570
-0.010779
-0.006134
-0.023976
-0.000241
0.017118
0.012557
0.007636
-0.001288
-0.002820
-0.022532
-0.008469
0.012198
0.013817
-0.023818
-0.013063
0.004247
-0.032036
-0.005643
-0.033701
-0.025337
-0.007436
-0.030638
-0.036383
-0.029573
-0.008447
-0.016265
-0.009739
-0.013167
-0.020558
-0.003804
-0.022961
0.004485
0.016672
-0.009446
-0.026153
-0.011469
-0.008527
-0.000795
-0.018085
-0.008916
-0.009528
-0.009375
0.002942
-0.009407
-0.028565
-0.033338
-0.004574
-0.039506
-0.024618
-0.016767
0.012603
-0.007723
-0.002101
0.004061
0.016167
-0.018998
0.003644
-0.005887
-0.003211
-0.019142
-0.021617
-0.022812
-0.022986
0.019250
-0.013320
-0.024731
-0.006627
0.021453
-0.002237
-0.003506
0.001450
0.001590
0.004604
0.009885
-0.025590
-0.008299
-0.010190
-0.022304
-0.026516
0.013836
-0.017996
-0.014807
-0.012299
0.021647
0.026526
0.010712
0.012730
0.008180
0.016218
0.015275
0.004377
0.019645
-0.023490
0.019445
0.014056
-0.011061
-0.001389
-0.010620
-0.004717
0.024257
-0.001368
0.023018
-0.012885
-0.016002
0.002659
-0.018593
0.003190
-0.017475
-0.013791
0.009844
0.008281
0.008887
0.011498
0.010340
-0.013552
0.004611
-0.014047
-0.004331
-0.009522
-0.011174
0.018978
-0.021660
-0.000497
-0.002488
-0.024978
0.004439
0.016134
-0.021568
0.003499
-0.000103
0.023782
-0.016497
0.007071
0.018572
0.012297
0.019234
-0.026667
-0.012842
0.004977
-0.018697
-0.009357
0.022342
0.008990
0.005030
-0.011880
-0.002210
-0.016747
-0.010737
0.015335
0.019170
-0.016790
-0.000652
-0.021577
-0.003689
0.012213
0.021045
-0.004139
0.017442
0.006529
0.026871
0.019505
-0.014539
0.015679
-0.009105
0.003891
-0.001630
-0.004797
0.007358
0.007403
-0.003310
-0.007960
0.000006
0.014522
-0.020303
-0.023712
0.011477
-0.018303
0.018881
-0.017147
0.010220
0.005777
-0.013173
0.017636
0.022768
0.011508
-0.016861
-0.014637
0.004064
0.021017
0.029072
0.018634
-0.009793
0.007839
-0.006803
0.002614
-0.008361
0.020556
0.026628
-0.020231
0.019620
-0.001329
-0.008375
-0.011822
-0.024560
0.013688
0.000024
-0.004958
0.014789
0.008557
0.007844
-0.017911
0.008543
-0.001128
-0.021152
-0.011938
-0.020210
0.005625
0.015118
0.003055
0.016006
-0.006268
0.025181
0.008552
-0.002653
0.007692
0.001383
-0.019467
0.007670
-0.014220
-0.022200
-0.023349
-0.024267
-0.004618
-0.021501
-0.015100
0.010417
0.019920
-0.005560
-0.010515
0.014581
-0.021767
-0.021469
0.023422
-0.002502
0.018737
0.017834
0.015615
0.012896
0.021637
-0.006237
-0.013769
-0.009975
-0.003395
-0.012786
-0.018305
-0.011641
0.024118
0.002726
0.012778
0.010886
0.010509
0.022480
n6
784
-0.020191
0.025238
0.015970
-0.002542
0.018646
0.024745
-0.022860
-0.015164
-0.009818
-0.016407
-0.002969
-0.010760
0.005243
0.016662
-0.017392
-0.006656
0.020819
0.005198
0.002646
0.015076
-0.014913
0.000953
0.017906
-0.007343
-0.015642
0.002278
0.026343
